{
  "accessors": [
    {
      "bufferView": 2,
      "componentType": 5126,
      "count": 972,
      "max": [
        1.498497486114502,
        2.0545496940612793,
        0.8757010698318481
      ],
      "min": [
        -1.498497486114502,
        0.21915802359580994,
        -0.7981922030448914
      ],
      "type": "VEC3"
    },
    {
      "bufferView": 2,
      "byteOffset": 11664,
      "componentType": 5126,
      "count": 972,
      "max": [
        1.0,
        0.9997482299804688,
        0.9996907711029053
      ],
      "min": [
        -1.0,
        -0.9998989105224609,
        -0.9990459084510803
      ],
      "type": "VEC3"
    },
    {
      "bufferView": 1,
      "componentType": 5126,
      "count": 972,
      "max": [
        0.984375,
        0.9323134422302246
      ],
      "min": [
        0.015625,
        0.015625
      ],
      "type": "VEC2"
    },
    {
      "bufferView": 0,
      "componentType": 5125,
      "count": 3900,
      "type": "SCALAR"
    },
    {
      "bufferView": 2,
      "byteOffset": 23328,
      "componentType": 5126,
      "count": 972,
      "max": [
        1.498497486114502,
        2.0545496940612793,
        0.8757010698318481
      ],
      "min": [
        -1.498497486114502,
        0.21915802359580994,
        -0.7981922030448914
      ],
      "type": "VEC3"
    },
    {
      "bufferView": 2,
      "byteOffset": 34992,
      "componentType": 5126,
      "count": 972,
      "max": [
        1.0,
        0.9997482299804688,
        0.9996907711029053
      ],
      "min": [
        -1.0,
        -0.9998989105224609,
        -0.9990459084510803
      ],
      "type": "VEC3"
    },
    {
      "bufferView": 1,
      "byteOffset": 7776,
      "componentType": 5126,
      "count": 972,
      "max": [
        0.984375,
        0.9323134422302246
      ],
      "min": [
        0.015625,
        0.015625
      ],
      "type": "VEC2"
    },
    {
      "bufferView": 0,
      "byteOffset": 15600,
      "componentType": 5125,
      "count": 3900,
      "type": "SCALAR"
    },
    {
      "bufferView": 2,
      "byteOffset": 46656,
      "componentType": 5126,
      "count": 972,
      "max": [
        1.498497486114502,
        2.0545496940612793,
        0.8757010698318481
      ],
      "min": [
        -1.498497486114502,
        0.21915802359580994,
        -0.7981922030448914
      ],
      "type": "VEC3"
    },
    {
      "bufferView": 2,
      "byteOffset": 58320,
      "componentType": 5126,
      "count": 972,
      "max": [
        1.0,
        0.9997482299804688,
        0.9996907711029053
      ],
      "min": [
        -1.0,
        -0.9998989105224609,
        -0.9990459084510803
      ],
      "type": "VEC3"
    },
    {
      "bufferView": 1,
      "byteOffset": 15552,
      "componentType": 5126,
      "count": 972,
      "max": [
        0.984375,
        0.9323134422302246
      ],
      "min": [
        0.015625,
        0.015625
      ],
      "type": "VEC2"
    },
    {
      "bufferView": 0,
      "byteOffset": 31200,
      "componentType": 5125,
      "count": 3900,
      "type": "SCALAR"
    }
  ],
  "asset": {
    "extras": {
      "author": "Pixel-bit (https://sketchfab.com/Pixel-bit)",
      "license": "CC-BY-4.0 (http://creativecommons.org/licenses/by/4.0/)",
      "source": "https://sketchfab.com/3d-models/baby-monster-t-pose-f5bb7040df4b47cea383d2812dd30bdc",
      "title": "Baby monster - t pose"
    },
    "generator": "Sketchfab-12.67.0",
    "version": "2.0"
  },
  "bufferViews": [
    {
      "buffer": 0,
      "byteLength": 46800,
      "name": "floatBufferViews",
      "target": 34963
    },
    {
      "buffer": 0,
      "byteLength": 23328,
      "byteOffset": 46800,
      "byteStride": 8,
      "name": "floatBufferViews",
      "target": 34962
    },
    {
      "buffer": 0,
      "byteLength": 69984,
      "byteOffset": 70128,
      "byteStride": 12,
      "name": "floatBufferViews",
      "target": 34962
    }
  ],
  "buffers": [
    {
      "byteLength": 140112,
      "uri": "scene.bin"
    }
  ],
  "images": [
    {
      "uri": "textures/blinn1_baseColor.png"
    },
    {
      "uri": "textures/blinn1_metallicRoughness.png"
    }
  ],
  "materials": [
    {
      "doubleSided": true,
      "name": "blinn1",
      "occlusionTexture": {
        "index": 1
      },
      "pbrMetallicRoughness": {
        "baseColorTexture": {
          "index": 0
        },
        "metallicFactor": 0.0,
        "metallicRoughnessTexture": {
          "index": 1
        }
      }
    }
  ],
  "meshes": [
    {
      "name": "polySurface1_blinn1_0",
      "primitives": [
        {
          "attributes": {
            "NORMAL": 1,
            "POSITION": 0,
            "TEXCOORD_0": 2
          },
          "indices": 3,
          "material": 0,
          "mode": 4
        }
      ]
    },
    {
      "name": "polySurface2_blinn1_0",
      "primitives": [
        {
          "attributes": {
            "NORMAL": 5,
            "POSITION": 4,
            "TEXCOORD_0": 6
          },
          "indices": 7,
          "material": 0,
          "mode": 4
        }
      ]
    },
    {
      "name": "polySurface3_blinn1_0",
      "primitives": [
        {
          "attributes": {
            "NORMAL": 9,
            "POSITION": 8,
            "TEXCOORD_0": 10
          },
          "indices": 11,
          "material": 0,
          "mode": 4
        }
      ]
    }
  ],
  "nodes": [
    {
      "children": [
        1
      ],
      "matrix": [
        0.4231421947479248,
        0.0,
        0.0,
        0.0,
        0.0,
        9.395644145991362e-17,
        -0.4231421947479248,
        0.0,
        0.0,
        0.4231421947479248,
        9.395644145991362e-17,
        0.0,
        0.0,
        0.0,
        0.0,
        1.0
      ],
      "name": "Sketchfab_model"
    },
    {
      "children": [
        2
      ],
      "matrix": [
        1.0,
        0.0,
        0.0,
        0.0,
        0.0,
        0.0,
        1.0,
        0.0,
        0.0,
        -1.0,
        0.0,
        0.0,
        0.0,
        0.0,
        0.0,
        1.0
      ],
      "name": "8a5f5c8d561c4ca18befcc89ecfa326d.fbx"
    },
    {
      "children": [
        3,
        5,
        7
      ],
      "name": "RootNode"
    },
    {
      "children": [
        4
      ],
      "matrix": [
        0.9548239737528953,
        0.29679815956139166,
        0.014900725744101319,
        0.0,
        -0.2926582475978795,
        0.947844487817439,
        -0.1262615421537174,
        0.0,
        -0.051597764095632236,
        0.11619672712717585,
        0.9918850696251377,
        0.0,
        0.47414979338645935,
        0.564910352230072,
        0.207359179854393,
        1.0
      ],
      "name": "polySurface1"
    },
    {
      "mesh": 0,
      "name": "polySurface1_blinn1_0"
    },
    {
      "children": [
        6
      ],
      "matrix": [
        0.366742860075451,
        0.698648799056907,
        0.6143203807135328,
        0.0,
        -0.3551344224050994,
        0.7154604550599211,
        -0.6016609338061156,
        0.0,
        -0.859871627980988,
        0.002488538083340208,
        0.5105042512766502,
        0.0,
        -1.057753562927246,
        0.18938197195529938,
        2.2846477031707764,
        1.0
      ],
      "name": "polySurface2"
    },
    {
      "mesh": 1,
      "name": "polySurface2_blinn1_0"
    },
    {
      "children": [
        8
      ],
      "matrix": [
        -0.34005540279862023,
        0.5485749703022391,
        0.76382447262795,
        0.0,
        -0.3272644878228045,
        0.6924264733964859,
        -0.6429957495581002,
        0.0,
        -0.8816236600940028,
        -0.46862680343489016,
        -0.05593425663089757,
        0.0,
        -2.11702036857605,
        0.30168160796165466,
        4.5926594734191895,
        1.0
      ],
      "name": "polySurface3"
    },
    {
      "mesh": 2,
      "name": "polySurface3_blinn1_0"
    }
  ],
  "samplers": [
    {
      "magFilter": 9729,
      "minFilter": 9987,
      "wrapS": 10497,
      "wrapT": 10497
    }
  ],
  "scene": 0,
  "scenes": [
    {
      "name": "Sketchfab_Scene",
      "nodes": [
        0
      ]
    }
  ],
  "textures": [
    {
      "sampler": 0,
      "source": 0
    },
    {
      "sampler": 0,
      "source": 1
    }
  ]
}
